Starting Unit			eV/atom		eV/atom		eV/atom		erg/g
Ending Unit			erg/g		J/g		Ry/atom		Ry/atom
Element		AMass
1		1.007980	9.572147E+11	95721.474755	0.073499	7.678394E-14
2		4.002600	2.410566E+11	24105.664349	0.073499	3.049023E-13
3		6.940940	1.390090E+11	13900.902777	0.073499	5.287335E-13
4		9.012180	1.070610E+11	10706.103531	0.073499	6.865124E-13
5		10.810030	8.925538E+10	8925.537868	0.073499	8.234655E-13
6		12.011140	8.032987E+10	8032.987054	0.073499	9.149613E-13
7		14.006760	6.888483E+10	6888.483284	0.073499	1.066980E-12
8		15.999390	6.030563E+10	6030.563173	0.073499	1.218770E-12
9		18.998400	5.078603E+10	5078.603047	0.073499	1.447223E-12
10		20.179450	4.781366E+10	4781.365802	0.073499	1.537191E-12
11		22.989770	4.196881E+10	4196.881140	0.073499	1.751270E-12
12		24.305050	3.969765E+10	3969.764807	0.073499	1.851463E-12
13		26.981540	3.575976E+10	3575.975727	0.073499	2.055347E-12
14		28.085510	3.435413E+10	3435.413212	0.073499	2.139443E-12
15		30.973760	3.115067E+10	3115.066822	0.073499	2.359459E-12
16		32.063310	3.009213E+10	3009.213089	0.073499	2.442457E-12
17		35.452740	2.721520E+10	2721.519751	0.073499	2.700650E-12
18		39.947660	2.415294E+10	2415.293715	0.073499	3.043055E-12
19		39.094280	2.468017E+10	2468.016603	0.073499	2.978048E-12
20		40.079150	2.407370E+10	2407.369720	0.073499	3.053072E-12
21		44.955910	2.146221E+10	2146.221312	0.073499	3.424564E-12
22		47.866950	2.015698E+10	2015.698350	0.073499	3.646316E-12
23		50.941470	1.894043E+10	1894.042950	0.073499	3.880520E-12
24		51.995920	1.855633E+10	1855.632752	0.073499	3.960844E-12
25		54.938050	1.756257E+10	1756.256950	0.073499	4.184964E-12
26		55.846210	1.727697E+10	1727.697047	0.073499	4.254144E-12
27		58.933200	1.637198E+10	1637.198254	0.073499	4.489299E-12
28		58.686790	1.644072E+10	1644.072407	0.073499	4.470528E-12
29		63.545040	1.518377E+10	1518.377077	0.073499	4.840611E-12
30		65.410350	1.475077E+10	1475.077448	0.073499	4.982703E-12
31		69.723230	1.383833E+10	1383.833367	0.073499	5.311241E-12
32		72.632250	1.328409E+10	1328.408966	0.073499	5.532839E-12
33		74.921590	1.287817E+10	1287.817465	0.073499	5.707231E-12
34		78.989270	1.221499E+10	1221.499225	0.073499	6.017091E-12
35		79.903530	1.207523E+10	1207.522773	0.073499	6.086736E-12
36		83.800020	1.151376E+10	1151.376004	0.073499	6.383555E-12
37		85.467670	1.128910E+10	1128.910290	0.073499	6.510590E-12
38		87.617050	1.101216E+10	1101.216397	0.073499	6.674322E-12
39		88.905850	1.085253E+10	1085.252907	0.073499	6.772497E-12
40		91.223250	1.057684E+10	1057.683563	0.073499	6.949028E-12
41		92.906380	1.038522E+10	1038.522135	0.073499	7.077242E-12
42		95.930790	1.005781E+10	1005.780648	0.073499	7.307630E-12
43		97.907210	9.854773E+09	985.477291	0.073499	7.458185E-12
44		101.070140	9.546374E+09	954.637365	0.073499	7.699125E-12
45		102.905500	9.376110E+09	937.611033	0.073499	7.838935E-12
46		106.428220	9.065766E+09	906.576584	0.073499	8.107282E-12
47		107.868330	8.944732E+09	894.473217	0.073499	8.216984E-12
48		112.396760	8.584352E+09	858.435173	0.073499	8.561942E-12
49		114.817880	8.403337E+09	840.333684	0.073499	8.746374E-12
50		118.639440	8.132652E+09	813.265236	0.073499	9.037485E-12
51		121.757990	7.924353E+09	792.435323	0.073499	9.275044E-12
52		126.521590	7.625997E+09	762.599744	0.073499	9.637916E-12
53		126.904470	7.602989E+09	760.298925	0.073499	9.667082E-12
54		131.293080	7.348851E+09	734.885130	0.073499	1.000139E-11
55		132.905430	7.259698E+09	725.969828	0.073499	1.012421E-11
56		137.340250	7.025277E+09	702.527716	0.073499	1.046204E-11
57		140.010100	6.891312E+09	689.131228	0.073499	1.066542E-11
58		140.114870	6.886159E+09	688.615934	0.073499	1.067340E-11
59		140.907650	6.847416E+09	684.741617	0.073499	1.073379E-11
60		144.236140	6.689401E+09	668.940060	0.073499	1.098734E-11
61		144.912760	6.658167E+09	665.816676	0.073499	1.103888E-11
62		150.502160	6.410894E+09	641.089351	0.073499	1.146466E-11
63		151.962580	6.349282E+09	634.928231	0.073499	1.157591E-11
64		157.251030	6.135752E+09	613.575200	0.073499	1.197876E-11
65		158.925350	6.071110E+09	607.111025	0.073499	1.210631E-11
66		162.489860	5.937929E+09	593.792943	0.073499	1.237784E-11
67		164.930330	5.850066E+09	585.006603	0.073499	1.256374E-11
68		167.262220	5.768507E+09	576.850721	0.073499	1.274138E-11
69		168.934220	5.711414E+09	571.141431	0.073499	1.286874E-11
70		173.023390	5.576433E+09	557.643288	0.073499	1.318024E-11
71		174.966830	5.514493E+09	551.449278	0.073499	1.332828E-11
72		178.418210	5.407819E+09	540.781864	0.073499	1.359120E-11
73		180.947890	5.332216E+09	533.221648	0.073499	1.378390E-11
74		183.848910	5.248077E+09	524.807746	0.073499	1.400489E-11
75		186.206720	5.181625E+09	518.162460	0.073499	1.418449E-11
76		190.236110	5.071873E+09	507.187264	0.073499	1.449144E-11
77		192.216070	5.019629E+09	501.962880	0.073499	1.464226E-11
78		195.080070	4.945935E+09	494.593487	0.073499	1.486043E-11
79		196.966560	4.898564E+09	489.856411	0.073499	1.500414E-11
80		200.598960	4.809862E+09	480.986203	0.073499	1.528084E-11
81		204.383800	4.720792E+09	472.079158	0.073499	1.556915E-11
82		207.257690	4.655332E+09	465.533183	0.073499	1.578807E-11
83		208.980390	4.616956E+09	461.695627	0.073499	1.591930E-11
84		209.000000	4.616523E+09	461.652307	0.073499	1.592080E-11
85		210.000000	4.594540E+09	459.453962	0.073499	1.599697E-11
86		222.000000	4.346186E+09	434.618613	0.073499	1.691109E-11
87		223.000000	4.326697E+09	432.669651	0.073499	1.698726E-11
88		226.000000	4.269262E+09	426.926248	0.073499	1.721579E-11
89		227.000000	4.250455E+09	425.045516	0.073499	1.729197E-11
90		232.038050	4.158169E+09	415.816855	0.073499	1.767574E-11
91		231.035880	4.176206E+09	417.620554	0.073499	1.759940E-11
92		238.028920	4.053513E+09	405.351300	0.073499	1.813211E-11
93		237.000000	4.071111E+09	407.111106	0.073499	1.805373E-11
94		244.000000	3.954317E+09	395.431689	0.073499	1.858696E-11
95		243.000000	3.970590E+09	397.058980	0.073499	1.851078E-11
96		247.000000	3.906289E+09	390.628875	0.073499	1.881549E-11
97		247.000000	3.906289E+09	390.628875	0.073499	1.881549E-11
98		251.000000	3.844037E+09	384.403714	0.073499	1.912019E-11
99		252.000000	3.828783E+09	382.878302	0.073499	1.919637E-11
100		257.000000	3.754293E+09	375.429308	0.073499	1.957725E-11
101		258.000000	3.739742E+09	373.974156	0.073499	1.965342E-11
102		259.000000	3.725302E+09	372.530240	0.073499	1.972960E-11
103		262.000000	3.682646E+09	368.264626	0.073499	1.995813E-11
104		267.000000	3.613683E+09	361.368285	0.073499	2.033901E-11
105		268.000000	3.600199E+09	360.019896	0.073499	2.041518E-11
106		271.000000	3.560344E+09	356.034436	0.073499	2.064371E-11
107		274.000000	3.521362E+09	352.136249	0.073499	2.087224E-11
108		269.000000	3.586815E+09	358.681532	0.073499	2.049136E-11
109		276.000000	3.495845E+09	349.584537	0.073499	2.102459E-11
110		281.000000	3.433642E+09	343.364171	0.073499	2.140547E-11
111		281.000000	3.433642E+09	343.364171	0.073499	2.140547E-11
112		285.000000	3.385450E+09	338.545025	0.073499	2.171018E-11
113		286.000000	3.373613E+09	337.361301	0.073499	2.178635E-11
114		289.000000	3.338593E+09	333.859281	0.073499	2.201488E-11
115		288.000000	3.350185E+09	335.018514	0.073499	2.193871E-11
116		293.000000	3.293015E+09	329.301475	0.073499	2.231959E-11
117		294.000000	3.281814E+09	328.181402	0.073499	2.239576E-11
118		294.000000	3.281814E+09	328.181402	0.073499	2.239576E-11
