Starting Unit			erg/g		J/g		Ry/atom		Ry/atom
Ending Unit			eV/atom		eV/atom		eV/atom		erg/g
Element		AMass
1		1.007980	1.044698E-12	1.044698E-05	13.605600	1.302356E+13
2		4.002600	4.148403E-12	4.148403E-05	13.605600	3.279739E+12
3		6.940940	7.193777E-12	7.193777E-05	13.605600	1.891312E+12
4		9.012180	9.340466E-12	9.340466E-05	13.605600	1.456638E+12
5		10.810030	1.120381E-11	1.120381E-04	13.605600	1.214380E+12
6		12.011140	1.244867E-11	1.244867E-04	13.605600	1.092942E+12
7		14.006760	1.451698E-11	1.451698E-04	13.605600	9.372249E+11
8		15.999390	1.658220E-11	1.658220E-04	13.605600	8.204990E+11
9		18.998400	1.969045E-11	1.969045E-04	13.605600	6.909784E+11
10		20.179450	2.091453E-11	2.091453E-04	13.605600	6.505373E+11
11		22.989770	2.382722E-11	2.382722E-04	13.605600	5.710142E+11
12		24.305050	2.519041E-11	2.519041E-04	13.605600	5.401134E+11
13		26.981540	2.796440E-11	2.796440E-04	13.605600	4.865358E+11
14		28.085510	2.910858E-11	2.910858E-04	13.605600	4.674113E+11
15		30.973760	3.210204E-11	3.210204E-04	13.605600	4.238260E+11
16		32.063310	3.323128E-11	3.323128E-04	13.605600	4.094239E+11
17		35.452740	3.674418E-11	3.674418E-04	13.605600	3.702812E+11
18		39.947660	4.140283E-11	4.140283E-04	13.605600	3.286171E+11
19		39.094280	4.051837E-11	4.051837E-04	13.605600	3.357904E+11
20		40.079150	4.153911E-11	4.153911E-04	13.605600	3.275390E+11
21		44.955910	4.659352E-11	4.659352E-04	13.605600	2.920080E+11
22		47.866950	4.961060E-11	4.961060E-04	13.605600	2.742494E+11
23		50.941470	5.279711E-11	5.279711E-04	13.605600	2.576974E+11
24		51.995920	5.388997E-11	5.388997E-04	13.605600	2.524714E+11
25		54.938050	5.693928E-11	5.693928E-04	13.605600	2.389507E+11
26		55.846210	5.788052E-11	5.788052E-04	13.605600	2.350649E+11
27		58.933200	6.107996E-11	6.107996E-04	13.605600	2.227519E+11
28		58.686790	6.082457E-11	6.082457E-04	13.605600	2.236872E+11
29		63.545040	6.585979E-11	6.585979E-04	13.605600	2.065855E+11
30		65.410350	6.779305E-11	6.779305E-04	13.605600	2.006943E+11
31		69.723230	7.226304E-11	7.226304E-04	13.605600	1.882799E+11
32		72.632250	7.527802E-11	7.527802E-04	13.605600	1.807391E+11
33		74.921590	7.765076E-11	7.765076E-04	13.605600	1.752163E+11
34		78.989270	8.186661E-11	8.186661E-04	13.605600	1.661933E+11
35		79.903530	8.281417E-11	8.281417E-04	13.605600	1.642917E+11
36		83.800020	8.685260E-11	8.685260E-04	13.605600	1.566525E+11
37		85.467670	8.858100E-11	8.858100E-04	13.605600	1.535959E+11
38		87.617050	9.080867E-11	9.080867E-04	13.605600	1.498280E+11
39		88.905850	9.214442E-11	9.214442E-04	13.605600	1.476560E+11
40		91.223250	9.454624E-11	9.454624E-04	13.605600	1.439050E+11
41		92.906380	9.629068E-11	9.629068E-04	13.605600	1.412980E+11
42		95.930790	9.942526E-11	9.942526E-04	13.605600	1.368433E+11
43		97.907210	1.014737E-10	1.014737E-03	13.605600	1.340809E+11
44		101.070140	1.047518E-10	1.047518E-03	13.605600	1.298849E+11
45		102.905500	1.066540E-10	1.066540E-03	13.605600	1.275683E+11
46		106.428220	1.103051E-10	1.103051E-03	13.605600	1.233459E+11
47		107.868330	1.117976E-10	1.117976E-03	13.605600	1.216991E+11
48		112.396760	1.164910E-10	1.164910E-03	13.605600	1.167959E+11
49		114.817880	1.190003E-10	1.190003E-03	13.605600	1.143331E+11
50		118.639440	1.229611E-10	1.229611E-03	13.605600	1.106503E+11
51		121.757990	1.261933E-10	1.261933E-03	13.605600	1.078162E+11
52		126.521590	1.311304E-10	1.311304E-03	13.605600	1.037569E+11
53		126.904470	1.315272E-10	1.315272E-03	13.605600	1.034438E+11
54		131.293080	1.360757E-10	1.360757E-03	13.605600	9.998611E+10
55		132.905430	1.377468E-10	1.377468E-03	13.605600	9.877312E+10
56		137.340250	1.423431E-10	1.423431E-03	13.605600	9.558366E+10
57		140.010100	1.451102E-10	1.451102E-03	13.605600	9.376098E+10
58		140.114870	1.452188E-10	1.452188E-03	13.605600	9.369087E+10
59		140.907650	1.460405E-10	1.460405E-03	13.605600	9.316374E+10
60		144.236140	1.494902E-10	1.494902E-03	13.605600	9.101383E+10
61		144.912760	1.501915E-10	1.501915E-03	13.605600	9.058888E+10
62		150.502160	1.559845E-10	1.559845E-03	13.605600	8.722456E+10
63		151.962580	1.574981E-10	1.574981E-03	13.605600	8.638629E+10
64		157.251030	1.629792E-10	1.629792E-03	13.605600	8.348107E+10
65		158.925350	1.647145E-10	1.647145E-03	13.605600	8.260157E+10
66		162.489860	1.684089E-10	1.684089E-03	13.605600	8.078956E+10
67		164.930330	1.709382E-10	1.709382E-03	13.605600	7.959412E+10
68		167.262220	1.733551E-10	1.733551E-03	13.605600	7.848445E+10
69		168.934220	1.750880E-10	1.750880E-03	13.605600	7.770767E+10
70		173.023390	1.793261E-10	1.793261E-03	13.605600	7.587115E+10
71		174.966830	1.813403E-10	1.813403E-03	13.605600	7.502842E+10
72		178.418210	1.849174E-10	1.849174E-03	13.605600	7.357704E+10
73		180.947890	1.875393E-10	1.875393E-03	13.605600	7.254842E+10
74		183.848910	1.905460E-10	1.905460E-03	13.605600	7.140365E+10
75		186.206720	1.929897E-10	1.929897E-03	13.605600	7.049952E+10
76		190.236110	1.971658E-10	1.971658E-03	13.605600	6.900627E+10
77		192.216070	1.992179E-10	1.992179E-03	13.605600	6.829546E+10
78		195.080070	2.021862E-10	2.021862E-03	13.605600	6.729280E+10
79		196.966560	2.041415E-10	2.041415E-03	13.605600	6.664829E+10
80		200.598960	2.079062E-10	2.079062E-03	13.605600	6.544144E+10
81		204.383800	2.118289E-10	2.118289E-03	13.605600	6.422957E+10
82		207.257690	2.148075E-10	2.148075E-03	13.605600	6.333895E+10
83		208.980390	2.165929E-10	2.165929E-03	13.605600	6.281682E+10
84		209.000000	2.166132E-10	2.166132E-03	13.605600	6.281093E+10
85		210.000000	2.176497E-10	2.176497E-03	13.605600	6.251183E+10
86		222.000000	2.300868E-10	2.300868E-03	13.605600	5.913281E+10
87		223.000000	2.311232E-10	2.311232E-03	13.605600	5.886764E+10
88		226.000000	2.342325E-10	2.342325E-03	13.605600	5.808621E+10
89		227.000000	2.352689E-10	2.352689E-03	13.605600	5.783033E+10
90		232.038050	2.404905E-10	2.404905E-03	13.605600	5.657470E+10
91		231.035880	2.394518E-10	2.394518E-03	13.605600	5.682011E+10
92		238.028920	2.466996E-10	2.466996E-03	13.605600	5.515079E+10
93		237.000000	2.456332E-10	2.456332E-03	13.605600	5.539023E+10
94		244.000000	2.528882E-10	2.528882E-03	13.605600	5.380116E+10
95		243.000000	2.518518E-10	2.518518E-03	13.605600	5.402257E+10
96		247.000000	2.559975E-10	2.559975E-03	13.605600	5.314771E+10
97		247.000000	2.559975E-10	2.559975E-03	13.605600	5.314771E+10
98		251.000000	2.601432E-10	2.601432E-03	13.605600	5.230073E+10
99		252.000000	2.611796E-10	2.611796E-03	13.605600	5.209319E+10
100		257.000000	2.663617E-10	2.663617E-03	13.605600	5.107970E+10
101		258.000000	2.673982E-10	2.673982E-03	13.605600	5.088172E+10
102		259.000000	2.684346E-10	2.684346E-03	13.605600	5.068527E+10
103		262.000000	2.715439E-10	2.715439E-03	13.605600	5.010490E+10
104		267.000000	2.767260E-10	2.767260E-03	13.605600	4.916661E+10
105		268.000000	2.777624E-10	2.777624E-03	13.605600	4.898315E+10
106		271.000000	2.808717E-10	2.808717E-03	13.605600	4.844090E+10
107		274.000000	2.839810E-10	2.839810E-03	13.605600	4.791053E+10
108		269.000000	2.787989E-10	2.787989E-03	13.605600	4.880106E+10
109		276.000000	2.860538E-10	2.860538E-03	13.605600	4.756335E+10
110		281.000000	2.912360E-10	2.912360E-03	13.605600	4.671702E+10
111		281.000000	2.912360E-10	2.912360E-03	13.605600	4.671702E+10
112		285.000000	2.953817E-10	2.953817E-03	13.605600	4.606135E+10
113		286.000000	2.964181E-10	2.964181E-03	13.605600	4.590029E+10
114		289.000000	2.995274E-10	2.995274E-03	13.605600	4.542382E+10
115		288.000000	2.984910E-10	2.984910E-03	13.605600	4.558154E+10
116		293.000000	3.036731E-10	3.036731E-03	13.605600	4.480370E+10
117		294.000000	3.047095E-10	3.047095E-03	13.605600	4.465131E+10
118		294.000000	3.047095E-10	3.047095E-03	13.605600	4.465131E+10
