Starting Unit			erg/g/K		Mbar-cc/g/K	J/g/K		J/mol/K
Ending Unit			kB/atom		kB/atom		kB/atom		J/g/K
Element		AMass
1		1.007980	1.212321E-08	0.121232	1.212321E+04	0.992083
2		4.002600	4.814021E-08	0.481402	4.814021E+04	0.249838
3		6.940940	8.348032E-08	0.834803	8.348032E+04	0.144073
4		9.012180	1.083916E-07	1.083916	1.083916E+05	0.110961
5		10.810030	1.300148E-07	1.300148	1.300148E+05	0.092507
6		12.011140	1.444608E-07	1.444608	1.444608E+05	0.083256
7		14.006760	1.684626E-07	1.684626	1.684626E+05	0.071394
8		15.999390	1.924284E-07	1.924284	1.924284E+05	0.062502
9		18.998400	2.284982E-07	2.284982	2.284982E+05	0.052636
10		20.179450	2.427030E-07	2.427030	2.427030E+05	0.049555
11		22.989770	2.765034E-07	2.765034	2.765034E+05	0.043498
12		24.305050	2.923226E-07	2.923226	2.923226E+05	0.041144
13		26.981540	3.245133E-07	3.245133	3.245133E+05	0.037062
14		28.085510	3.377910E-07	3.377910	3.377910E+05	0.035606
15		30.973760	3.725287E-07	3.725287	3.725287E+05	0.032285
16		32.063310	3.856330E-07	3.856330	3.856330E+05	0.031188
17		35.452740	4.263985E-07	4.263985	4.263985E+05	0.028207
18		39.947660	4.804599E-07	4.804599	4.804599E+05	0.025033
19		39.094280	4.701961E-07	4.701961	4.701961E+05	0.025579
20		40.079150	4.820414E-07	4.820414	4.820414E+05	0.024951
21		44.955910	5.406953E-07	5.406953	5.406953E+05	0.022244
22		47.866950	5.757071E-07	5.757071	5.757071E+05	0.020891
23		50.941470	6.126851E-07	6.126851	6.126851E+05	0.019630
24		51.995920	6.253672E-07	6.253672	6.253672E+05	0.019232
25		54.938050	6.607529E-07	6.607529	6.607529E+05	0.018202
26		55.846210	6.716755E-07	6.716755	6.716755E+05	0.017906
27		58.933200	7.088035E-07	7.088035	7.088035E+05	0.016968
28		58.686790	7.058398E-07	7.058398	7.058398E+05	0.017040
29		63.545040	7.642712E-07	7.642712	7.642712E+05	0.015737
30		65.410350	7.867057E-07	7.867057	7.867057E+05	0.015288
31		69.723230	8.385777E-07	8.385777	8.385777E+05	0.014342
32		72.632250	8.735652E-07	8.735652	8.735652E+05	0.013768
33		74.921590	9.010996E-07	9.010996	9.010996E+05	0.013347
34		78.989270	9.500226E-07	9.500226	9.500226E+05	0.012660
35		79.903530	9.610186E-07	9.610186	9.610186E+05	0.012515
36		83.800020	1.007883E-06	10.078826	1.007883E+06	0.011933
37		85.467670	1.027940E-06	10.279398	1.027940E+06	0.011700
38		87.617050	1.053791E-06	10.537909	1.053791E+06	0.011413
39		88.905850	1.069292E-06	10.692916	1.069292E+06	0.011248
40		91.223250	1.097164E-06	10.971635	1.097164E+06	0.010962
41		92.906380	1.117407E-06	11.174069	1.117407E+06	0.010764
42		95.930790	1.153782E-06	11.537822	1.153782E+06	0.010424
43		97.907210	1.177553E-06	11.775531	1.177553E+06	0.010214
44		101.070140	1.215594E-06	12.155944	1.215594E+06	0.009894
45		102.905500	1.237669E-06	12.376687	1.237669E+06	0.009718
46		106.428220	1.280037E-06	12.800373	1.280037E+06	0.009396
47		107.868330	1.297358E-06	12.973578	1.297358E+06	0.009271
48		112.396760	1.351822E-06	13.518223	1.351822E+06	0.008897
49		114.817880	1.380942E-06	13.809417	1.380942E+06	0.008709
50		118.639440	1.426904E-06	14.269045	1.426904E+06	0.008429
51		121.757990	1.464412E-06	14.644120	1.464412E+06	0.008213
52		126.521590	1.521705E-06	15.217050	1.521705E+06	0.007904
53		126.904470	1.526310E-06	15.263099	1.526310E+06	0.007880
54		131.293080	1.579093E-06	15.790928	1.579093E+06	0.007617
55		132.905430	1.598485E-06	15.984849	1.598485E+06	0.007524
56		137.340250	1.651824E-06	16.518235	1.651824E+06	0.007281
57		140.010100	1.683934E-06	16.839344	1.683934E+06	0.007142
58		140.114870	1.685195E-06	16.851945	1.685195E+06	0.007137
59		140.907650	1.694729E-06	16.947295	1.694729E+06	0.007097
60		144.236140	1.734762E-06	17.347620	1.734762E+06	0.006933
61		144.912760	1.742900E-06	17.428999	1.742900E+06	0.006901
62		150.502160	1.810125E-06	18.101249	1.810125E+06	0.006644
63		151.962580	1.827690E-06	18.276897	1.827690E+06	0.006581
64		157.251030	1.891295E-06	18.912952	1.891295E+06	0.006359
65		158.925350	1.911433E-06	19.114326	1.911433E+06	0.006292
66		162.489860	1.954304E-06	19.543038	1.954304E+06	0.006154
67		164.930330	1.983656E-06	19.836559	1.983656E+06	0.006063
68		167.262220	2.011702E-06	20.117021	2.011702E+06	0.005979
69		168.934220	2.031812E-06	20.318116	2.031812E+06	0.005919
70		173.023390	2.080993E-06	20.809931	2.080993E+06	0.005780
71		174.966830	2.104367E-06	21.043673	2.104367E+06	0.005715
72		178.418210	2.145878E-06	21.458778	2.145878E+06	0.005605
73		180.947890	2.176303E-06	21.763029	2.176303E+06	0.005526
74		183.848910	2.211194E-06	22.111941	2.211194E+06	0.005439
75		186.206720	2.239552E-06	22.395521	2.239552E+06	0.005370
76		190.236110	2.288014E-06	22.880145	2.288014E+06	0.005257
77		192.216070	2.311828E-06	23.118279	2.311828E+06	0.005202
78		195.080070	2.346274E-06	23.462739	2.346274E+06	0.005126
79		196.966560	2.368963E-06	23.689632	2.368963E+06	0.005077
80		200.598960	2.412651E-06	24.126509	2.412651E+06	0.004985
81		204.383800	2.458172E-06	24.581721	2.458172E+06	0.004893
82		207.257690	2.492737E-06	24.927370	2.492737E+06	0.004825
83		208.980390	2.513456E-06	25.134564	2.513456E+06	0.004785
84		209.000000	2.513692E-06	25.136922	2.513692E+06	0.004785
85		210.000000	2.525719E-06	25.257195	2.525719E+06	0.004762
86		222.000000	2.670046E-06	26.700463	2.670046E+06	0.004505
87		223.000000	2.682074E-06	26.820735	2.682074E+06	0.004484
88		226.000000	2.718155E-06	27.181552	2.718155E+06	0.004425
89		227.000000	2.730182E-06	27.301825	2.730182E+06	0.004405
90		232.038050	2.790776E-06	27.907763	2.790776E+06	0.004310
91		231.035880	2.778723E-06	27.787229	2.778723E+06	0.004328
92		238.028920	2.862830E-06	28.628299	2.862830E+06	0.004201
93		237.000000	2.850455E-06	28.504548	2.850455E+06	0.004219
94		244.000000	2.934645E-06	29.346455	2.934645E+06	0.004098
95		243.000000	2.922618E-06	29.226182	2.922618E+06	0.004115
96		247.000000	2.970727E-06	29.707272	2.970727E+06	0.004049
97		247.000000	2.970727E-06	29.707272	2.970727E+06	0.004049
98		251.000000	3.018836E-06	30.188361	3.018836E+06	0.003984
99		252.000000	3.030863E-06	30.308633	3.030863E+06	0.003968
100		257.000000	3.091000E-06	30.909995	3.091000E+06	0.003891
101		258.000000	3.103027E-06	31.030268	3.103027E+06	0.003876
102		259.000000	3.115054E-06	31.150540	3.115054E+06	0.003861
103		262.000000	3.151136E-06	31.511357	3.151136E+06	0.003817
104		267.000000	3.211272E-06	32.112719	3.211272E+06	0.003745
105		268.000000	3.223299E-06	32.232991	3.223299E+06	0.003731
106		271.000000	3.259381E-06	32.593808	3.259381E+06	0.003690
107		274.000000	3.295463E-06	32.954625	3.295463E+06	0.003650
108		269.000000	3.235326E-06	32.353264	3.235326E+06	0.003717
109		276.000000	3.319517E-06	33.195170	3.319517E+06	0.003623
110		281.000000	3.379653E-06	33.796532	3.379653E+06	0.003559
111		281.000000	3.379653E-06	33.796532	3.379653E+06	0.003559
112		285.000000	3.427762E-06	34.277621	3.427762E+06	0.003509
113		286.000000	3.439789E-06	34.397894	3.439789E+06	0.003497
114		289.000000	3.475871E-06	34.758711	3.475871E+06	0.003460
115		288.000000	3.463844E-06	34.638438	3.463844E+06	0.003472
116		293.000000	3.523980E-06	35.239800	3.523980E+06	0.003413
117		294.000000	3.536007E-06	35.360072	3.536007E+06	0.003401
118		294.000000	3.536007E-06	35.360072	3.536007E+06	0.003401
