# Temperature C S G/T H-H298.15
933.     31.75     71.21     51.79     18.13
1000.     31.75     73.40     53.16     20.24
1100.     31.75     76.43     55.14     23.42
1200.     31.75     79.19     57.03     26.59
1300.     31.75     81.73     58.83     29.77
1400.     31.75     84.08     60.55     32.94
1500.     31.75     86.27     62.19     36.12
1600.     31.75     88.32     63.76     39.29
1700.     31.75     90.25     65.27     42.47
1800.     31.75     92.06     66.70     45.64
1900.     31.75     93.78     68.08     48.82
2000.     31.75     95.41     69.41     51.99
2100.     31.75     96.96     70.69     55.17
2200.     31.75     98.43     71.91     58.34
2300.     31.75     99.85     73.10     61.52
2400.     31.75     101.2     74.24     64.69
2500.     31.75     102.5     75.34     67.87
2600.     31.75     103.7     76.41     71.05
2700.     31.75     104.9     77.45     74.22
