# Temperature C S G/T H-H298.15
2350.     31.75     74.08     51.25     53.63
2400.     31.75     74.74     51.74     55.22
2500.     31.75     76.04     52.68     58.39
2600.     31.75     77.28     53.61     61.57
2700.     31.75     78.48     54.51     64.74
2800.     31.75     79.64     55.38     67.92
2900.     31.75     80.75     56.24     71.09
3000.     31.75     81.83     57.07     74.27
3100.     31.75     82.87     57.89     77.44
3200.     31.75     83.88     58.69     80.62
3300.     31.75     84.85     59.46     83.79
3400.     31.75     85.80     60.22     86.97
3500.     31.75     86.72     60.97     90.14
3600.     31.75     87.62     61.70     93.32
3700.     31.75     88.49     62.41     96.49
3800.     31.75     89.33     63.11     99.67
3900.     31.75     90.16     63.79     102.8
4000.     31.75     90.96     64.46     106.0
4100.     31.75     91.75     65.11     109.2
