# Temperature C S G/T H-H298.15
# «beta»-rhombohedral phase; Data last reviewed in June, 1983
298.     11.21     5.81     5.83     -0.00
300.     11.33     5.89     5.83     0.02
400.     15.83     9.82     6.33     1.40
500.     18.63     13.68     7.42     3.13
600.     20.62     17.26     8.76     5.10
700.     22.15     20.56     10.22     7.24
800.     23.34     23.59     11.70     9.51
900.     24.30     26.40     13.18     11.90
1000.     25.07     29.00     14.63     14.37
1100.     25.70     31.42     16.05     16.91
1200.     26.22     33.68     17.43     19.50
1300.     26.68     35.80     18.76     22.15
1400.     27.08     37.79     20.05     24.84
1500.     27.48     39.67     21.29     27.57
1600.     27.88     41.46     22.50     30.33
1700.     28.32     43.16     23.67     33.14
1800.     28.83     44.79     24.79     36.00
# «beta»-rhombohedral phase; Data last reviewed in June, 1983
1800.     28.73     44.80     24.80     36.01
1900.     29.10     46.36     25.89     38.90
2000.     29.45     47.87     26.95     41.83
2100.     29.80     49.31     27.98     44.79
2200.     30.14     50.71     28.98     47.79
2300.     30.48     52.05     29.96     50.82
