# Temperature C S G/T H-H298.15
1000.     43.39     116.6     86.10     30.49
1100.     42.01     120.7     89.06     34.76
1200.     40.88     124.3     91.85     38.90
1300.     40.00     127.5     94.47     42.94
1400.     39.33     130.4     96.93     46.90
1500.     38.87     133.1     99.26     50.81
1600.     38.62     135.6     101.5     54.69
1700.     38.58     138.0     103.5     58.54
1800.     38.74     140.2     105.5     62.41
1900.     39.12     142.3     107.4     66.30
2000.     39.71     144.3     109.2     70.24
2100.     40.52     146.3     110.9     74.25
