# Temperature C S G/T H-H298.15
# Data last reviewed in December, 1970
298.     28.10     62.47     62.48     -0.00
300.     28.14     62.65     62.48     0.05
400.     33.27     71.29     63.62     3.07
500.     43.73     79.77     66.00     6.89
# Data last reviewed in December, 1970
583.     32.50     87.30     68.46     10.98
600.     33.94     88.25     69.00     11.55
700.     42.36     94.11     72.17     15.36
# Data last reviewed in December, 1970
768.     39.07     98.24     74.29     18.39
800.     39.07     99.83     75.28     19.64
900.     39.07     104.4     78.27     23.55
1000.     39.07     108.6     81.09     27.46
