# Temperature C S G/T H-H298.15
1560.     28.79     59.16     38.51     32.22
1600.     28.87     59.89     39.04     33.37
1700.     29.09     61.65     40.32     36.27
1800.     29.30     63.32     41.55     39.19
1900.     29.52     64.91     42.74     42.13
2000.     29.73     66.43     43.88     45.09
2100.     29.95     67.88     44.99     48.08
2200.     30.16     69.28     46.06     51.08
2300.     30.38     70.63     47.10     54.11
2400.     30.59     71.93     48.11     57.16
2500.     30.81     73.18     49.09     60.23
2600.     31.02     74.39     50.04     63.32
2700.     31.24     75.57     50.96     66.43
