# Temperature C S G/T H-H298.15
# «alpha» phase; Data last reviewed in September, 1983
298.     25.93     41.58     41.59     -0.00
300.     25.94     41.75     41.59     0.05
400.     26.90     49.33     42.61     2.68
500.     28.48     55.49     44.59     5.45
600.     30.36     60.84     46.86     8.39
700.     32.42     65.68     49.21     11.53
800.     34.59     70.15     51.55     14.88
900.     36.81     74.35     53.85     18.45
1000.     39.04     78.34     56.10     22.24
1100.     41.23     82.17     58.30     26.25
