# Temperature C S G/T H-H298.15
# «beta» phase; Data last reviewed in September, 1983
298.     25.97     43.05     43.08     -0.01
300.     25.97     43.23     43.08     0.04
400.     26.94     50.80     44.10     2.68
500.     28.52     56.98     46.08     5.45
600.     30.04     62.32     48.35     8.38
700.     31.23     67.04     50.69     11.45
# «beta» phase; Data last reviewed in September, 1983
716.     31.52     67.72     51.06     11.93
800.     33.78     71.33     53.00     14.67
900.     36.72     75.48     55.27     18.19
1000.     39.74     79.51     57.49     22.01
1100.     42.77     83.44     59.67     26.14
