# Temperature C S G/T H-H298.15
1768.     40.51     99.25     69.78     52.10
1800.     40.51     99.97     70.31     53.40
1900.     40.52     102.2     71.93     57.45
2000.     40.52     104.2     73.49     61.50
2100.     40.52     106.2     75.00     65.56
2200.     40.51     108.1     76.47     69.61
2300.     40.51     109.9     77.88     73.66
2400.     40.50     111.6     79.25     77.71
2500.     40.50     113.3     80.58     81.76
2600.     40.50     114.9     81.87     85.81
2700.     40.49     116.4     83.12     89.86
2800.     40.49     117.9     84.33     93.91
2900.     40.49     119.3     85.52     97.96
3000.     40.49     120.7     86.66     102.0
3100.     40.50     122.0     87.78     106.1
