# Temperature C S G/T H-H298.15
# Data last reviewed in September, 1967
298.     24.80     30.06     30.07     -0.00
300.     24.84     30.22     30.07     0.05
400.     26.54     37.60     31.06     2.61
500.     28.19     43.70     33.00     5.35
600.     29.67     48.97     35.23     8.25
700.     31.05     53.65     37.53     11.28
# Data last reviewed in September, 1967
700.     30.80     54.26     37.55     11.70
800.     32.44     58.47     39.90     14.85
900.     34.57     62.41     42.19     18.20
1000.     36.94     66.17     44.40     21.78
1100.     39.75     69.82     46.54     25.61
1200.     43.42     73.43     48.63     29.75
1300.     48.51     77.09     50.68     34.34
# Data last reviewed in September, 1967
1394.     44.56     80.77     52.58     39.29
1400.     44.10     80.96     52.71     39.55
1500.     39.74     83.82     54.69     43.70
1600.     38.32     86.33     56.59     47.59
1700.     37.82     88.64     58.41     51.40
