# Temperature C S G/T H-H298.15
# Data last reviewed in June, 1973
298.     23.43     23.61     23.62     -0.00
300.     23.47     23.76     23.62     0.04
400.     25.23     30.76     24.56     2.48
500.     26.63     36.55     26.40     5.08
600.     27.72     41.51     28.51     7.80
# Data last reviewed in June, 1973
600.     27.87     41.53     28.51     7.81
700.     28.36     45.86     30.69     10.62
800.     29.30     49.70     32.83     13.50
900.     30.52     53.22     34.90     16.49
1000.     31.97     56.51     36.90     19.61
1100.     33.57     59.63     38.82     22.88
1200.     35.32     62.62     40.68     26.33
1300.     37.17     65.52     42.48     29.95
1400.     39.12     68.35     44.23     33.77
1500.     41.16     71.12     45.93     37.78
1600.     43.26     73.84     47.59     42.00
1700.     45.42     76.53     49.21     46.43
1800.     47.63     79.19     50.81     51.08
1900.     49.89     81.82     52.37     55.96
2000.     52.17     84.44     53.91     61.06
2100.     54.48     87.04     55.42     66.40
