# Temperature C S G/T H-H298.15
1358.     32.84     83.97     61.19     30.94
1400.     32.84     84.97     61.89     32.32
1500.     32.84     87.24     63.50     35.60
1600.     32.84     89.36     65.05     38.89
1700.     32.84     91.35     66.54     42.17
1800.     32.84     93.23     67.97     45.46
1900.     32.84     95.00     69.35     48.74
2000.     32.84     96.69     70.68     52.03
2100.     32.84     98.29     71.95     55.31
2200.     32.84     99.82     73.19     58.60
2300.     32.84     101.3     74.38     61.88
2400.     32.84     102.7     75.53     65.16
2500.     32.84     104.0     76.64     68.45
2600.     32.84     105.3     77.72     71.73
2700.     32.84     106.5     78.76     75.02
2800.     32.84     107.7     79.78     78.30
