# Temperature C S G/T H-H298.15
# Data last reviewed in June, 1977
298.     24.47     33.15     33.17     -0.00
300.     24.49     33.32     33.17     0.04
400.     25.29     40.47     34.14     2.53
500.     25.99     46.19     36.00     5.10
600.     26.55     50.98     38.11     7.73
700.     27.02     55.11     40.25     10.41
800.     27.47     58.75     42.34     13.13
900.     27.97     62.01     44.35     15.90
1000.     28.62     64.99     46.26     18.73
1100.     29.48     67.76     48.09     21.63
1200.     30.64     70.37     49.84     24.63
1300.     32.18     72.88     51.52     27.77
