# Temperature C S G/T H-H298.15
1809.     46.02     99.82     66.62     60.06
1900.     46.02     102.1     68.27     64.25
2000.     46.02     104.4     70.02     68.85
2100.     46.02     106.7     71.71     73.45
2200.     46.02     108.8     73.35     78.05
2300.     46.02     110.9     74.94     82.65
2400.     46.02     112.8     76.48     87.26
2500.     46.02     114.7     77.97     91.86
2600.     46.02     116.5     79.42     96.46
2700.     46.02     118.3     80.82     101.1
2800.     46.02     119.9     82.19     105.7
2900.     46.02     121.5     83.52     110.3
3000.     46.02     123.1     84.81     114.9
3100.     46.02     124.6     86.07     119.5
