# Temperature C S G/T H-H298.15
# «gamma» phase; Data last reviewed in March, 1978
298.     26.47     35.53     35.55     -0.00
300.     26.48     35.71     35.55     0.05
400.     27.32     43.44     36.59     2.74
500.     28.16     49.63     38.60     5.51
600.     29.00     54.84     40.89     8.37
700.     29.83     59.37     43.21     11.31
800.     30.67     63.41     45.49     14.34
900.     31.51     67.07     47.68     17.45
1000.     32.34     70.43     49.79     20.64
1100.     33.18     73.55     51.81     23.91
1200.     34.02     76.48     53.75     27.27
1300.     34.85     79.23     55.60     30.72
1400.     35.69     81.85     57.38     34.24
1500.     36.53     84.34     59.10     37.86
1600.     37.36     86.72     60.75     41.55
1700.     38.20     89.01     62.35     45.33
1800.     39.04     91.22     63.89     49.19
