# Temperature C S G/T H-H298.15
# «alpha»-«delta» phase; Data last reviewed in March, 1978
298.     25.09     27.31     27.32     -0.00
300.     25.14     27.48     27.32     0.05
400.     27.40     35.02     28.34     2.67
500.     29.68     41.38     30.32     5.53
600.     32.06     47.00     32.64     8.61
700.     34.60     52.13     35.06     11.94
# «alpha»-«delta» phase; Data last reviewed in March, 1978
700.     34.48     52.74     35.47     12.08
800.     37.85     57.01     37.90     15.29
900.     43.00     61.97     40.30     19.50
1000.     54.35     66.69     42.70     24.00
# «alpha»-«delta» phase; Data last reviewed in March, 1978
1042.     83.68     68.90     43.38     26.60
1100.     46.40     72.41     44.82     30.34
# «alpha»-«delta» phase; Data last reviewed in March, 1978
1100.     46.39     72.06     44.81     29.97
1200.     40.77     75.82     47.25     34.29
1300.     38.68     78.99     49.57     38.25
1400.     38.50     81.84     51.77     42.09
1500.     39.26     84.52     53.87     45.98
1600.     40.37     87.09     55.86     49.96
1700.     41.52     89.57     57.77     54.05
1800.     42.57     91.97     59.61     58.26
