# Temperature C S G/T H-H298.15
303.     28.45     59.71     59.25     0.14
400.     27.30     67.44     60.34     2.84
500.     26.82     73.47     62.39     5.54
600.     26.62     78.34     64.66     8.21
700.     26.54     82.44     66.91     10.87
800.     26.52     85.98     69.08     13.52
900.     26.52     89.10     71.13     16.17
1000.     26.53     91.90     73.07     18.82
1100.     26.55     94.43     74.90     21.48
1200.     26.57     96.74     76.62     24.13
1300.     26.58     98.86     78.25     26.79
1400.     26.60     100.8     79.80     29.45
1500.     26.60     102.7     81.26     32.11
1600.     26.60     104.4     82.65     34.77
1700.     26.60     106.0     83.98     37.43
1800.     26.60     107.5     85.25     40.09
1900.     26.59     109.0     86.46     42.75
2000.     26.58     110.3     87.62     45.41
2100.     26.57     111.6     88.73     48.07
2200.     26.56     112.9     89.80     50.72
2300.     26.55     114.0     90.83     53.38
2400.     26.54     115.2     91.82     56.03
