# Temperature C S G/T H-H298.15
2500.     37.66     125.1     99.72     63.38
2600.     37.66     126.5     100.7     67.15
2700.     37.66     128.0     101.7     70.91
2800.     37.66     129.3     102.7     74.68
2900.     37.66     130.7     103.6     78.44
3000.     37.66     131.9     104.5     82.21
3100.     37.66     133.2     105.4     85.98
3200.     37.66     134.4     106.3     89.74
3300.     37.66     135.5     107.2     93.51
3400.     37.66     136.6     108.0     97.27
3500.     37.66     137.7     108.9     101.0
3600.     37.66     138.8     109.7     104.8
3700.     37.66     139.8     110.5     108.6
3800.     37.66     140.8     111.3     112.3
3900.     37.66     141.8     112.0     116.1
4000.     37.66     142.8     112.8     119.9
4100.     37.66     143.7     113.5     123.6
4200.     37.66     144.6     114.3     127.4
4300.     37.66     145.5     115.0     131.2
4400.     37.66     146.4     115.7     134.9
4500.     37.66     147.2     116.4     138.7
4600.     37.66     148.0     117.1     142.5
4700.     37.66     148.8     117.7     146.2
4800.     37.66     149.6     118.4     150.0
4900.     37.66     150.4     119.0     153.8
