# Temperature C S G/T H-H298.15
# «beta» phase; Data last reviewed in March, 1979
298.     17.75     61.10     61.05     0.02
300.     17.76     61.22     61.05     0.05
400.     18.69     66.46     61.78     1.87
500.     19.61     70.73     63.15     3.79
600.     20.53     74.38     64.73     5.80
700.     21.46     77.62     66.34     7.89
800.     22.38     80.54     67.94     10.09
900.     23.30     83.23     69.49     12.37
1000.     24.23     85.74     70.99     14.75
1100.     25.15     88.09     72.44     17.22
1200.     26.07     90.32     73.84     19.78
1300.     27.00     92.44     75.19     22.43
1400.     27.92     94.48     76.49     25.18
1500.     28.84     96.43     77.76     28.02
1600.     29.77     98.32     78.98     30.95
1700.     30.69     100.2     80.18     33.97
1800.     31.61     101.9     81.34     37.08
1900.     32.54     103.7     82.47     40.29
2000.     33.46     105.4     83.57     43.59
2100.     34.38     107.0     84.65     46.98
2200.     35.31     108.6     85.70     50.47
2300.     36.23     110.2     86.73     54.05
2400.     37.15     111.8     87.74     57.71
2500.     38.08     113.3     88.74     61.48
