# Temperature C S G/T H-H298.15
454.     30.39     46.90     36.33     4.80
500.     30.12     49.84     37.45     6.20
600.     29.54     55.28     39.98     9.18
700.     28.99     59.80     42.50     12.11
700.     28.99     59.79     42.50     12.11
800.     28.93     63.66     44.91     15.00
900.     28.89     67.07     47.18     17.90
1000.     28.85     70.11     49.33     20.78
1100.     28.80     72.85     51.34     23.66
1200.     28.74     75.36     53.24     26.54
1300.     28.67     77.66     55.03     29.41
1400.     28.60     79.78     56.72     32.28
1500.     28.53     81.75     58.33     35.13
1600.     28.46     83.59     59.85     37.98
