# Temperature C S G/T H-H298.15
# Data last reviewed in September, 1967
298.     26.26     31.99     32.01     -0.01
300.     26.32     32.17     32.01     0.05
400.     28.68     40.09     33.07     2.81
500.     30.41     46.68     35.15     5.76
600.     31.95     52.36     37.56     8.88
700.     33.42     57.40     40.04     12.15
800.     34.89     61.96     42.50     15.57
900.     36.37     66.15     44.90     19.13
# Data last reviewed in September, 1967
980.     37.61     71.57     46.76     24.31
1000.     37.70     72.33     47.27     25.07
1100.     38.12     75.94     49.71     28.86
1200.     38.53     79.28     52.04     32.69
1300.     38.95     82.38     54.25     36.56
# Data last reviewed in September, 1967
1361.     43.16     85.73     55.55     41.07
1400.     43.43     86.95     56.41     42.76
# Data last reviewed in September, 1967
1412.     45.39     88.65     56.67     45.15
1500.     45.97     91.41     58.63     49.17
