# Temperature C S G/T H-H298.15
2896.     37.66     110.5     81.41     84.30
2900.     37.66     110.6     81.45     84.45
3000.     37.66     111.9     82.45     88.22
3100.     37.66     113.1     83.41     91.98
3200.     37.66     114.3     84.36     95.75
3300.     37.66     115.4     85.28     99.51
3400.     37.66     116.6     86.19     103.3
3500.     37.66     117.7     87.07     107.0
3600.     37.66     118.7     87.94     110.8
3700.     37.66     119.7     88.78     114.6
3800.     37.66     120.8     89.61     118.3
3900.     37.66     121.7     90.42     122.1
4000.     37.66     122.7     91.22     125.9
4100.     37.66     123.6     91.99     129.6
4200.     37.66     124.5     92.76     133.4
4300.     37.66     125.4     93.51     137.2
4400.     37.66     126.3     94.24     140.9
4500.     37.66     127.1     94.96     144.7
4600.     37.66     127.9     95.67     148.5
4700.     37.66     128.8     96.37     152.2
4800.     37.66     129.5     97.05     156.0
4900.     37.66     130.3     97.72     159.8
