# Temperature C S G/T H-H298.15
# Data last reviewed in March, 1978
298.     23.91     28.59     28.60     -0.00
300.     23.94     28.75     28.60     0.04
400.     25.12     35.82     29.56     2.50
500.     25.85     41.50     31.40     5.05
600.     26.42     46.27     33.49     7.67
700.     26.93     50.38     35.62     10.34
800.     27.41     54.01     37.69     13.05
900.     27.89     57.26     39.69     15.82
1000.     28.40     60.23     41.60     18.63
1100.     28.94     62.96     43.42     21.50
1200.     29.52     65.50     45.15     24.42
1300.     30.16     67.89     46.81     27.41
1400.     30.86     70.15     48.40     30.46
1500.     31.62     72.31     49.92     33.58
1600.     32.47     74.37     51.38     36.78
1700.     33.39     76.37     52.80     40.08
1800.     34.41     78.31     54.16     43.46
1900.     35.53     80.20     55.48     46.96
# Data last reviewed in March, 1978
1900.     35.33     80.19     55.48     46.94
2000.     36.88     82.04     56.76     50.56
2100.     38.06     83.87     58.01     54.30
2200.     39.18     85.67     59.23     58.17
2300.     40.44     87.43     60.42     62.14
2400.     41.97     89.19     61.58     66.26
2500.     43.84     90.94     62.72     70.55
2600.     46.09     92.70     63.84     75.04
2700.     48.70     94.49     64.94     79.78
2800.     51.64     96.31     66.03     84.79
