# Temperature C S G/T H-H298.15
2750.     33.47     110.6     83.59     74.27
2800.     33.47     111.2     84.08     75.94
2900.     33.47     112.4     85.03     79.29
3000.     33.47     113.5     85.96     82.64
3100.     33.47     114.6     86.87     85.98
3200.     33.47     115.7     87.75     89.33
3300.     33.47     116.7     88.61     92.68
3400.     33.47     117.7     89.46     96.02
3500.     33.47     118.7     90.28     99.37
3600.     33.47     119.6     91.08     102.7
3700.     33.47     120.5     91.86     106.1
3800.     33.47     121.4     92.63     109.4
3900.     33.47     122.3     93.38     112.8
4000.     33.47     123.1     94.11     116.1
4100.     33.47     124.0     94.83     119.5
4200.     33.47     124.8     95.53     122.8
4300.     33.47     125.6     96.22     126.1
4400.     33.47     126.3     96.90     129.5
4500.     33.47     127.1     97.56     132.8
4600.     33.47     127.8     98.21     136.2
4700.     33.47     128.5     98.85     139.5
4800.     33.47     129.2     99.47     142.9
4900.     33.47     129.9     100.1     146.2
5000.     33.47     130.6     100.7     149.6
5100.     33.47     131.3     101.3     152.9
