# Temperature C S G/T H-H298.15
# Data last reviewed in December, 1973
298.     24.75     36.46     36.46     -0.00
300.     24.76     36.63     36.47     0.05
400.     25.31     43.83     37.45     2.55
500.     25.85     49.53     39.31     5.11
600.     26.35     54.29     41.42     7.72
700.     26.82     58.39     43.56     10.38
800.     27.24     62.00     45.64     13.08
900.     27.65     65.23     47.64     15.83
1000.     28.04     68.16     49.55     18.61
1100.     28.42     70.85     51.37     21.44
1200.     28.80     73.34     53.10     24.30
1300.     29.20     75.66     54.74     27.20
1400.     29.63     77.84     56.32     30.14
1500.     30.09     79.90     57.82     33.12
1600.     30.59     81.86     59.26     36.16
1700.     31.15     83.73     60.65     39.24
1800.     31.78     85.53     61.98     42.39
1900.     32.49     87.27     63.27     45.60
2000.     33.28     88.95     64.51     48.89
2100.     34.17     90.60     65.71     52.26
2200.     35.17     92.21     66.88     55.73
2300.     36.29     93.80     68.01     59.30
2400.     37.54     95.37     69.12     62.99
2500.     38.93     96.93     70.20     66.81
2600.     40.47     98.48     71.26     70.78
2700.     42.17     100.0     72.30     74.91
