# Temperature C S G/T H-H298.15
1728.     38.91     95.75     68.53     47.04
1800.     38.91     97.34     69.65     49.84
1900.     38.91     99.45     71.17     53.73
2000.     38.91     101.4     72.63     57.62
2100.     38.91     103.3     74.05     61.51
2200.     38.91     105.2     75.42     65.40
2300.     38.91     106.9     76.75     69.29
2400.     38.91     108.5     78.04     73.18
2500.     38.91     110.1     79.29     77.08
2600.     38.91     111.7     80.51     80.97
2700.     38.91     113.1     81.69     84.86
2800.     38.91     114.5     82.84     88.75
2900.     38.91     115.9     83.96     92.64
3000.     38.91     117.2     85.04     96.53
3100.     38.91     118.5     86.10     100.4
