# Temperature C S G/T H-H298.15
# Data last reviewed in December, 1976
298.     25.97     29.85     29.87     -0.01
300.     26.03     30.03     29.87     0.05
400.     28.46     37.86     30.92     2.78
500.     31.03     44.48     32.99     5.74
600.     34.85     50.44     35.40     9.02
# Data last reviewed in December, 1976
600.     34.85     50.19     35.43     8.86
700.     30.79     55.98     37.97     12.61
# Data last reviewed in December, 1976
700.     30.78     55.57     37.94     12.34
800.     31.05     59.70     40.41     15.43
900.     31.56     63.38     42.76     18.56
1000.     32.20     66.74     44.99     21.75
1100.     32.92     69.84     47.11     25.00
1200.     33.70     72.74     49.13     28.34
1300.     34.53     75.47     51.05     31.75
1400.     35.40     78.06     52.89     35.24
1500.     36.31     80.54     54.65     38.83
1600.     37.26     82.91     56.34     42.51
1700.     38.27     85.20     57.97     46.28
