# Temperature C S G/T H-H298.15
601.     30.70     92.33     77.35     9.00
700.     30.29     97.01     79.81     12.03
800.     29.90     101.0     82.22     15.04
900.     29.56     104.5     84.51     18.02
1000.     29.27     107.6     86.67     20.96
1100.     29.05     110.4     88.70     23.87
1200.     28.89     112.9     90.62     26.77
1300.     28.79     115.2     92.42     29.65
1400.     28.75     117.4     94.13     32.53
1500.     28.76     119.3     95.75     35.40
1600.     28.82     121.2     97.28     38.28
1700.     28.92     123.0     98.74     41.17
1800.     29.06     124.6     100.1     44.07
1900.     29.23     126.2     101.5     46.98
2000.     29.43     127.7     102.7     49.92
