# Temperature C S G/T H-H298.15
1685.     27.20     91.56     69.18     37.72
1700.     27.20     91.80     69.38     38.12
1800.     27.20     93.36     70.67     40.84
1900.     27.20     94.83     71.90     43.56
2000.     27.20     96.22     73.08     46.28
2100.     27.20     97.55     74.21     49.00
2200.     27.20     98.81     75.30     51.72
2300.     27.20     100.0     76.35     54.44
2400.     27.20     101.2     77.36     57.16
2500.     27.20     102.3     78.34     59.88
2600.     27.20     103.4     79.28     62.60
2700.     27.20     104.4     80.19     65.32
2800.     27.20     105.4     81.07     68.04
2900.     27.20     106.3     81.93     70.76
3000.     27.20     107.2     82.76     73.48
3100.     27.20     108.1     83.56     76.20
3200.     27.20     109.0     84.34     78.92
3300.     27.20     109.8     85.10     81.64
3400.     27.20     110.7     85.84     84.36
3500.     27.20     111.4     86.56     87.08
