# Temperature C S G/T H-H298.15
# Data last reviewed in December, 1972
298.     25.30     41.46     41.47     -0.00
300.     25.31     41.63     41.47     0.05
400.     25.85     48.98     42.47     2.61
500.     26.37     54.81     44.38     5.22
600.     26.81     59.66     46.53     7.88
700.     27.17     63.82     48.71     10.58
800.     27.46     67.47     50.83     13.31
900.     27.72     70.72     52.86     16.07
1000.     27.98     73.65     54.80     18.85
1100.     28.26     76.33     56.63     21.66
1200.     28.60     78.80     58.38     24.51
1300.     29.03     81.11     60.04     27.39
# Data last reviewed in December, 1972
1300.     29.10     81.12     60.04     27.40
1400.     29.05     83.27     61.62     30.30
1500.     29.20     85.28     63.14     33.21
1600.     29.48     87.17     64.58     36.15
1700.     29.83     88.97     65.96     39.11
1800.     30.24     90.69     67.29     42.12
1900.     30.68     92.33     68.56     45.16
2000.     31.15     93.92     69.79     48.25
2100.     31.66     95.45     70.98     51.39
2200.     32.20     96.93     72.12     54.59
2300.     32.79     98.38     73.23     57.83
2400.     33.44     99.79     74.31     61.14
2500.     34.16     101.2     75.36     64.52
2600.     34.98     102.5     76.38     67.98
2700.     35.91     103.9     77.37     71.52
2800.     36.97     105.2     78.34     75.17
2900.     38.19     106.5     79.29     78.92
3000.     39.57     107.8     80.22     82.81
3100.     41.14     109.1     81.13     86.84
3200.     42.93     110.5     82.02     91.05
