# Temperature C S G/T H-H298.15
1939.     47.24     97.48     68.66     55.89
2000.     47.24     98.94     69.56     58.77
2100.     47.24     101.2     71.01     63.49
2200.     47.24     103.4     72.44     68.22
2300.     47.24     105.5     73.83     72.94
2400.     47.24     107.6     75.20     77.66
2500.     47.24     109.5     76.53     82.39
2600.     47.24     111.3     77.83     87.11
2700.     47.24     113.1     79.11     91.83
2800.     47.24     114.8     80.35     96.56
2900.     47.24     116.5     81.57     101.3
3000.     47.24     118.1     82.76     106.0
3100.     47.24     119.6     83.93     110.7
3200.     47.24     121.1     85.07     115.5
3300.     47.24     122.6     86.18     120.2
3400.     47.24     124.0     87.27     124.9
3500.     47.24     125.4     88.34     129.6
3600.     47.24     126.7     89.39     134.3
