# Temperature C S G/T H-H298.15
# «alpha» phase; Data last reviewed in June, 1979
298.     25.23     30.75     30.76     -0.00
300.     25.28     30.92     30.76     0.05
400.     26.86     38.42     31.77     2.66
500.     27.88     44.53     33.73     5.40
600.     28.60     49.68     35.97     8.23
700.     29.14     54.13     38.26     11.11
# «alpha» phase; Data last reviewed in June, 1979
700.     29.13     54.13     38.26     11.11
800.     29.47     58.04     40.49     14.04
900.     30.45     61.56     42.64     17.03
1000.     32.07     64.85     44.70     20.15
1100.     34.33     68.01     46.67     23.47
1200.     37.23     71.11     48.58     27.04
1300.     40.77     74.23     50.43     30.93
1400.     44.95     77.40     52.25     35.21
1500.     49.76     80.66     54.03     39.94
1600.     55.22     84.04     55.80     45.19
1700.     61.31     87.57     57.56     51.01
