# Temperature C S G/T H-H298.15
2190.     46.20     100.1     68.99     68.10
2200.     46.20     100.3     69.13     68.57
2300.     46.20     102.3     70.53     73.19
2400.     46.20     104.3     71.90     77.81
2500.     46.20     106.2     73.23     82.43
2600.     46.20     108.0     74.53     87.05
2700.     46.20     109.8     75.81     91.67
2800.     46.20     111.4     77.05     96.29
2900.     46.20     113.1     78.26     100.9
3000.     46.20     114.6     79.45     105.5
3100.     46.20     116.1     80.61     110.1
3200.     46.20     117.6     81.74     114.8
3300.     46.20     119.0     82.85     119.4
3400.     46.20     120.4     83.93     124.0
3500.     46.20     121.7     85.00     128.6
3600.     46.20     123.0     86.04     133.3
