# Temperature C S G/T H-H298.15
3680.     35.56     118.5     89.48     106.9
3700.     35.56     118.7     89.64     107.6
3800.     35.56     119.7     90.41     111.2
3900.     35.56     120.6     91.18     114.7
4000.     35.56     121.5     91.92     118.3
4100.     35.56     122.4     92.65     121.8
4200.     35.56     123.2     93.37     125.4
4300.     35.56     124.1     94.08     128.9
4400.     35.56     124.9     94.77     132.5
4500.     35.56     125.7     95.44     136.0
4600.     35.56     126.5     96.11     139.6
4700.     35.56     127.2     96.76     143.2
4800.     35.56     128.0     97.41     146.7
4900.     35.56     128.7     98.04     150.3
5000.     35.56     129.4     98.66     153.8
5100.     35.56     130.1     99.27     157.4
5200.     35.56     130.8     99.87     160.9
5300.     35.56     131.5     100.5     164.5
5400.     35.56     132.2     101.0     168.1
5500.     35.56     132.8     101.6     171.6
5600.     35.56     133.5     102.2     175.2
5700.     35.56     134.1     102.7     178.7
5800.     35.56     134.7     103.3     182.3
5900.     35.56     135.3     103.8     185.8
6000.     35.56     135.9     104.3     189.4
