# Temperature C S G/T H-H298.15
# Data last reviewed in June, 1966
298.     24.31     32.65     32.66     -0.00
300.     24.32     32.81     32.66     0.05
400.     24.90     39.89     33.62     2.51
500.     25.37     45.50     35.46     5.02
600.     25.81     50.16     37.53     7.58
700.     26.24     54.17     39.63     10.18
800.     26.67     57.71     41.67     12.83
900.     27.11     60.87     43.63     15.52
1000.     27.55     63.75     45.50     18.25
1100.     28.01     66.40     47.28     21.03
1200.     28.46     68.85     48.98     23.85
1300.     28.93     71.15     50.60     26.72
1400.     29.40     73.31     52.14     29.64
1500.     29.87     75.36     53.62     32.60
1600.     30.34     77.30     55.04     35.61
1700.     30.81     79.15     56.41     38.67
1800.     31.29     80.93     57.72     41.77
1900.     31.76     82.63     58.99     44.93
# Data last reviewed in June, 1966
1900.     31.68     82.63     58.99     44.93
2000.     32.29     84.27     60.21     48.13
2100.     32.77     85.86     61.39     51.38
2200.     33.20     87.39     62.54     54.68
2300.     33.63     88.88     63.65     58.02
2400.     34.12     90.32     64.74     61.41
2500.     34.71     91.73     65.79     64.85
2600.     35.45     93.10     66.81     68.35
2700.     36.39     94.46     67.81     71.94
2800.     37.59     95.80     68.79     75.64
2900.     39.08     97.14     69.74     79.47
3000.     40.91     98.50     70.68     83.47
3100.     43.13     99.88     71.60     87.67
3200.     45.79     101.3     72.50     92.11
3300.     48.92     102.7     73.40     96.84
3400.     52.58     104.3     74.28     101.9
3500.     56.81     105.8     75.16     107.4
3600.     61.65     107.5     76.03     113.3
