# Temperature C S G/T H-H298.15
2125.     41.84     108.7     79.36     62.35
2200.     41.84     110.2     80.38     65.49
2300.     41.84     112.0     81.72     69.68
2400.     41.84     113.8     83.02     73.86
2500.     41.84     115.5     84.28     78.04
2600.     41.84     117.1     85.51     82.23
2700.     41.84     118.7     86.71     86.41
2800.     41.84     120.2     87.89     90.60
2900.     41.84     121.7     89.03     94.78
3000.     41.84     123.1     90.14     98.96
3100.     41.84     124.5     91.23     103.1
3200.     41.84     125.8     92.29     107.3
3300.     41.84     127.1     93.32     111.5
3400.     41.84     128.4     94.33     115.7
3500.     41.84     129.6     95.32     119.9
3600.     41.84     130.8     96.29     124.1
3700.     41.84     131.9     97.24     128.3
3800.     41.84     133.0     98.17     132.4
3900.     41.84     134.1     99.07     136.6
4000.     41.84     135.2     99.96     140.8
4100.     41.84     136.2     100.8     145.0
4200.     41.84     137.2     101.7     149.2
4300.     41.84     138.2     102.5     153.4
4400.     41.84     139.2     103.3     157.5
4500.     41.84     140.1     104.2     161.7
4600.     41.84     141.0     104.9     165.9
4700.     41.84     141.9     105.7     170.1
