# Temperature C S G/T H-H298.15
# «beta» phase; Data last reviewed in June, 1979
298.     25.20     43.18     43.19     -0.00
300.     25.22     43.35     43.19     0.05
400.     25.92     50.70     44.19     2.61
500.     26.57     56.56     46.10     5.23
600.     27.27     61.46     48.26     7.92
700.     28.06     65.72     50.46     10.69
800.     28.96     69.53     52.61     13.54
# «beta» phase; Data last reviewed in June, 1979
800.     28.97     69.54     52.61     13.54
900.     28.45     72.92     54.68     16.41
1000.     28.26     75.90     56.66     19.24
1100.     28.29     78.59     58.53     22.07
1200.     28.50     81.06     60.31     24.91
1300.     28.85     83.36     61.99     27.77
1400.     29.33     85.51     63.60     30.68
1500.     29.92     87.56     65.13     33.64
1600.     30.62     89.51     66.59     36.67
1700.     31.43     91.39     67.99     39.77
1800.     32.33     93.21     69.34     42.96
1900.     33.33     94.98     70.65     46.24
2000.     34.44     96.72     71.91     49.63
2100.     35.65     98.43     73.13     53.13
